BinStart BinEnd POD TAP191 TF14 TF160 TF162 TF185 TF186 TF23 TF29 TF39 TF5HS TF5 TF7 TF9
1 1000 0 1 1 0 0 1 1 0 0 0 0 0 0 0
1001 2000 0 0 0 0 0 0 0 0 0 0 0 0 0 0
2001 3000 1 1 1 0 0 0 0 0 0 0 0 0 0 0
3001 4000 1 0 0 0 0 0 0 0 0 0 0 0 0 0
4001 5000 1 0 0 0 0 0 0 0 0 0 0 0 0 0
5001 6000 0 0 0 0 0 0 0 0 0 0 0 0 0 1
6001 7000 1 0 0 0 0 0 0 0 0 0 0 0 0 1
7001 8000 0 0 0 0 0 0 0 0 0 0 0 0 0 1
8001 9000 1 0 0 0 0 0 0 0 0 0 0 0 0 0
9001 10000 0 0 0 0 0 0 0 0 0 0 0 0 0 0
10001 11000 0 0 0 0 0 0 0 0 0 0 0 0 0 0
11001 12000 0 0 0 0 0 0 0 0 0 0 0 0 0 0
12001 13000 0 1 1 0 0 1 0 0 0 0 0 0 0 0
13001 14000 0 1 0 0 0 1 0 0 0 0 0 0 0 0
14001 15000 0 0 0 0 0 0 0 0 0 0 0 0 0 0
15001 16000 0 1 1 0 0 0 0 0 0 0 0 0 0 0
16001 17000 0 0 0 0 0 0 0 0 0 0 0 0 0 0
17001 18000 0 1 0 0 0 0 0 0 0 0 0 0 0 0
18001 19000 1 0 0 0 0 0 0 0 0 0 0 0 0 1
19001 20000 1 1 1 1 0 0 0 0 1 1 0 0 1 0
20001 21000 0 0 0 0 0 0 0 0 0 0 0 0 0 0
21001 22000 0 0 0 0 0 0 0 0 0 0 0 0 0 0
22001 23000 0 1 0 0 0 0 0 0 0 0 0 0 0 0
23001 24000 1 1 1 1 0 0 0 0 1 1 0 0 0 0
24001 25000 0 0 0 0 0 0 0 0 0 0 0 0 0 0
25001 26000 0 0 0 0 0 0 0 0 0 0 0 0 0 0
26001 27000 0 0 1 0 0 0 0 0 0 0 0 0 0 0
27001 28000 0 0 0 0 0 0 0 0 0 0 0 0 0 0
28001 29000 0 0 0 0 0 0 0 0 0 0 0 0 0 0
29001 30000 0 1 0 0 0 0 0 0 0 0 0 0 0 1
30001 31000 0 0 0 0 0 0 0 0 0 0 0 0 0 1
31001 32000 0 0 0 0 0 0 0 0 0 0 0 0 0 0
32001 33000 0 0 0 0 0 0 0 0 0 0 0 0 0 0
33001 34000 0 0 0 0 0 0 0 0 0 0 0 0 0 0
34001 35000 0 0 0 0 0 0 0 0 0 0 0 0 0 1
35001 36000 0 0 0 0 0 0 0 0 0 0 0 0 0 0
36001 37000 0 0 0 0 0 0 0 0 0 0 0 0 0 0
37001 38000 1 0 0 0 0 0 0 0 0 0 0 0 0 0
38001 39000 0 0 0 0 0 0 0 0 0 0 0 0 0 0
39001 40000 0 0 0 0 0 0 0 0 0 0 0 0 0 1
40001 41000 0 0 0 0 0 0 0 0 0 0 0 0 0 0
41001 42000 0 0 0 0 0 0 0 0 0 0 0 0 0 0
42001 43000 0 0 1 0 0 0 0 0 0 0 0 0 0 0
43001 44000 1 1 1 1 0 0 0 0 1 1 0 0 0 1
44001 45000 0 0 0 0 0 0 0 0 0 0 0 0 0 0
45001 46000 0 1 0 0 0 0 0 0 0 0 0 0 0 0
46001 47000 0 0 0 0 0 0 0 0 0 0 0 0 0 0
47001 48000 1 1 0 0 0 1 0 0 0 0 0 0 0 0
48001 49000 0 0 0 0 0 0 0 0 0 0 0 0 0 0
49001 50000 0 0 0 0 0 0 0 0 0 0 0 0 0 0
50001 51000 0 0 0 0 0 0 0 0 0 0 0 0 0 0
51001 52000 0 0 0 0 0 1 0 0 0 0 0 0 0 0
52001 53000 1 0 0 0 0 0 0 0 0 0 0 0 0 0
53001 54000 0 1 1 0 0 0 0 0 0 0 0 0 0 0
54001 55000 0 0 0 0 0 0 0 0 0 0 0 0 0 0
55001 56000 0 0 0 0 0 0 0 0 0 0 0 0 0 0
56001 57000 0 0 0 0 0 0 0 0 0 0 0 0 0 1
57001 58000 0 1 1 1 0 0 0 0 0 1 0 0 0 0
58001 59000 0 0 0 0 0 0 0 0 0 0 0 0 0 1
59001 60000 0 0 1 0 0 0 0 0 0 0 0 0 0 0
60001 61000 0 0 0 0 0 0 0 0 0 0 0 0 0 0
61001 62000 0 0 0 0 0 1 0 0 0 0 0 0 0 0
62001 63000 1 0 0 0 0 0 0 0 0 0 0 0 0 0
63001 64000 0 0 0 0 0 0 0 0 0 0 0 0 0 0
64001 65000 0 1 1 0 0 0 0 0 1 0 0 0 0 0
65001 66000 0 0 0 0 0 0 0 0 0 0 0 0 0 0
66001 67000 1 1 1 1 0 0 0 0 0 0 0 0 0 1
67001 68000 0 1 0 0 0 1 0 0 0 0 0 0 0 0
68001 69000 0 0 0 0 0 0 0 0 0 0 0 0 0 0
69001 70000 0 1 0 0 1 1 0 0 0 0 0 0 0 0
70001 71000 0 1 1 0 0 1 0 0 0 0 0 0 0 0
71001 72000 0 0 0 0 0 0 0 0 0 0 0 0 0 0
72001 73000 1 0 0 0 0 0 0 0 0 0 0 0 0 1
73001 74000 0 0 0 0 0 0 0 0 0 0 0 0 0 0
74001 75000 0 0 0 0 0 0 0 0 0 0 0 0 0 0
75001 76000 1 1 0 0 0 0 0 0 0 0 0 0 0 0
76001 77000 1 0 0 0 0 0 0 0 0 0 0 0 0 0
77001 78000 0 1 0 0 0 0 0 0 0 0 0 0 0 0
78001 79000 0 0 0 0 0 0 0 0 0 0 0 0 0 0
79001 80000 0 0 0 0 0 0 0 0 0 0 0 0 0 0
80001 81000 0 0 0 0 0 0 0 0 0 0 0 0 0 1
81001 82000 0 0 0 0 0 0 0 0 0 0 0 0 0 0
82001 83000 0 0 0 0 0 0 0 0 0 0 0 0 0 0
83001 84000 0 0 0 0 0 0 0 0 0 0 0 0 0 0
84001 85000 0 0 0 0 0 0 0 0 0 0 0 0 0 0
85001 86000 1 1 1 1 0 0 0 0 1 1 0 0 1 0
86001 87000 0 0 0 0 0 0 0 0 0 0 0 0 0 0
87001 88000 0 0 0 0 0 0 0 0 0 0 0 0 0 0
88001 89000 0 0 0 0 0 0 0 0 0 0 0 0 0 0
89001 90000 0 0 0 0 0 0 0 0 0 0 0 0 0 0
90001 91000 0 0 0 0 0 0 0 0 0 0 0 0 0 0
91001 92000 0 1 0 0 0 0 0 0 0 0 0 0 0 0
92001 93000 0 0 0 0 0 0 0 0 0 0 0 0 0 0
93001 94000 1 1 1 1 0 0 0 0 0 0 0 0 0 0
94001 95000 0 0 0 0 0 0 0 0 0 0 0 0 0 0
95001 96000 0 0 0 0 0 0 0 0 0 0 0 0 0 0
96001 97000 0 1 1 0 0 0 0 0 0 0 0 0 0 0
97001 98000 0 0 0 0 0 0 0 0 0 0 0 0 0 0
98001 99000 0 0 0 0 0 0 0 0 0 0 0 0 0 0
99001 1e+05 0 0 0 0 0 0 0 0 0 0 0 0 0 0
100001 101000 0 0 0 0 0 0 0 0 0 0 0 0 0 0
101001 102000 0 0 0 0 0 0 0 0 0 0 0 0 0 0
102001 103000 1 0 0 0 0 0 0 0 0 0 0 0 0 0
103001 104000 0 1 1 0 0 0 0 0 0 0 0 0 0 0
104001 105000 0 1 0 0 0 0 0 0 0 0 0 0 0 1
105001 106000 0 1 1 1 0 0 0 0 0 1 0 0 0 0
106001 107000 0 0 0 0 0 0 0 0 0 0 0 0 0 0
107001 108000 0 1 0 0 0 1 0 0 0 0 0 0 0 0
108001 109000 0 1 1 1 0 1 1 0 0 1 0 0 0 0
109001 110000 0 0 0 0 0 0 0 0 0 0 0 0 0 0
110001 111000 0 1 1 0 0 0 0 0 0 0 0 0 0 0
111001 112000 0 1 0 0 0 1 0 0 0 0 0 0 0 0
112001 113000 0 1 0 0 0 0 0 0 0 0 0 0 0 0
113001 114000 0 0 0 0 0 1 0 0 0 0 0 0 0 0
114001 115000 1 0 0 0 0 0 0 0 0 0 0 0 0 0
115001 116000 0 0 0 0 0 0 0 0 0 0 0 0 0 0
116001 117000 0 0 0 0 0 0 0 0 0 0 0 0 0 1
117001 118000 0 0 0 0 0 0 0 0 0 0 0 0 0 0
118001 119000 1 1 1 0 1 1 1 0 1 1 0 1 1 0
119001 120000 0 0 0 0 0 0 0 0 0 0 0 0 0 0
120001 121000 0 0 0 0 0 0 0 0 0 0 0 0 0 0
121001 122000 0 0 0 0 0 0 0 0 0 0 0 0 0 0
122001 123000 0 0 0 0 0 0 0 0 0 0 0 0 0 0
123001 124000 0 0 1 0 0 0 0 0 0 0 0 0 0 1
124001 125000 1 0 1 1 0 0 0 0 0 0 0 0 0 0
125001 126000 0 0 0 0 0 0 0 0 0 0 0 0 0 0
126001 127000 0 0 0 0 0 0 0 0 0 0 0 0 0 0
127001 128000 1 0 0 0 0 0 0 0 0 0 0 0 0 0
128001 129000 0 0 0 0 0 0 0 0 0 0 0 0 0 0
129001 130000 0 1 0 0 0 0 0 0 0 0 0 0 0 1
130001 131000 0 0 0 0 0 0 0 0 0 0 0 0 0 0
131001 132000 0 0 0 0 0 0 0 0 0 0 0 0 0 0
132001 133000 1 0 0 0 0 0 0 0 0 0 0 0 0 0
133001 134000 0 0 0 0 0 0 0 0 0 0 0 0 0 0
134001 135000 0 0 0 0 0 0 0 0 0 0 0 0 0 1
135001 136000 0 0 0 0 0 0 0 0 0 0 0 0 0 0
136001 137000 0 0 0 0 0 0 0 0 0 0 0 0 0 1
137001 138000 0 1 1 0 0 0 0 0 0 0 0 0 0 0
138001 139000 1 0 0 0 0 0 0 0 0 0 0 0 0 0
139001 140000 0 0 0 0 0 0 0 0 0 0 0 0 0 0
140001 141000 0 0 0 0 0 0 0 0 0 0 0 0 0 0
141001 142000 0 0 0 0 0 0 0 0 0 0 0 0 0 0
142001 143000 0 0 0 0 0 0 0 0 0 0 0 0 0 0
143001 144000 0 0 0 0 0 1 0 0 0 0 0 0 0 0
144001 145000 0 0 0 0 0 0 0 0 0 0 0 0 0 0
145001 146000 0 0 0 0 0 0 0 0 0 0 0 0 0 0
146001 147000 0 1 1 0 0 1 0 0 0 0 0 0 0 0
147001 148000 0 0 0 0 0 0 0 0 0 0 0 0 0 0
148001 149000 0 0 0 0 0 0 0 0 0 0 0 0 0 0
149001 150000 0 0 0 0 0 0 0 0 0 0 0 0 0 0
150001 151000 1 1 1 1 1 0 1 0 1 1 1 0 1 0
151001 152000 0 1 0 0 0 0 0 0 0 0 0 0 0 1
152001 153000 0 1 1 0 0 0 0 0 0 0 0 0 0 0
153001 154000 1 0 0 0 0 0 0 0 0 0 0 0 0 0
154001 155000 0 0 0 0 0 0 0 0 0 0 0 0 0 0
155001 156000 0 0 0 0 0 0 0 0 0 0 0 0 0 1
156001 157000 0 1 1 0 0 0 0 0 0 0 0 0 0 0
157001 158000 0 0 0 0 0 0 0 0 0 0 0 0 0 0
158001 159000 0 0 0 0 0 0 0 0 0 0 0 0 0 0
159001 160000 0 0 0 0 0 0 0 0 0 0 0 0 0 0
160001 161000 1 0 0 0 0 0 0 0 0 0 0 0 0 0
161001 162000 0 0 0 0 0 0 0 0 0 0 0 0 0 1
162001 163000 0 0 0 0 0 0 0 0 0 0 0 0 0 0
163001 164000 0 0 0 0 0 0 0 0 0 0 0 0 0 1
164001 165000 0 0 0 0 0 0 0 0 0 0 0 0 0 0
165001 166000 1 0 0 0 0 0 0 0 0 0 0 0 0 0
166001 167000 0 0 0 0 0 0 0 0 0 0 0 0 0 0
167001 168000 0 1 1 0 0 0 0 0 0 0 0 0 0 0
168001 169000 0 0 0 0 0 0 0 0 0 0 0 0 0 0
169001 170000 0 1 0 0 0 0 0 0 0 0 0 0 0 1
170001 171000 0 0 0 0 0 0 0 0 0 0 0 0 0 0
171001 172000 0 0 0 0 0 0 0 0 0 0 0 0 0 0
172001 173000 1 1 1 1 1 0 1 0 1 1 0 1 0 0
173001 174000 0 0 0 0 0 0 0 0 0 0 0 0 0 1
174001 175000 0 0 0 0 0 0 0 0 0 0 0 0 0 0
175001 176000 0 0 0 0 0 0 0 0 0 0 0 0 0 0
176001 177000 0 0 0 0 0 0 0 0 0 0 0 0 0 0
177001 178000 0 0 0 0 0 0 0 0 0 0 0 0 0 0
178001 179000 0 0 0 0 0 1 0 0 0 0 0 0 0 1
179001 180000 0 0 0 0 0 0 0 0 0 0 0 0 0 1
180001 181000 1 1 1 1 0 0 0 0 0 0 0 0 0 0
181001 182000 0 0 0 0 0 0 0 0 0 0 0 0 0 0
182001 183000 0 0 0 0 0 0 0 0 0 0 0 0 0 0
183001 184000 0 0 0 0 0 0 0 0 0 0 0 0 0 0
184001 185000 0 0 0 1 0 0 0 0 0 0 0 0 0 0
185001 186000 0 0 0 0 0 0 0 0 0 0 0 0 0 0
186001 187000 0 0 0 0 0 0 0 0 0 0 0 0 0 0
187001 188000 1 0 0 0 0 0 0 0 0 0 0 0 0 0
188001 189000 0 0 0 0 0 0 0 0 0 0 0 0 0 0
189001 190000 0 0 0 0 0 0 0 0 0 0 0 0 0 0
190001 191000 1 0 0 0 0 0 0 0 0 0 0 0 0 1
191001 192000 0 0 0 0 0 0 0 0 0 0 0 0 0 0
192001 193000 0 1 1 0 0 1 0 0 0 0 0 0 0 0
193001 194000 1 0 0 1 0 0 0 0 0 1 0 0 0 0
194001 195000 0 0 0 0 0 0 0 0 0 0 0 0 0 0
195001 196000 1 1 1 0 1 1 1 0 1 1 1 0 1 0
196001 197000 0 1 0 0 0 0 0 0 0 0 0 0 0 0
197001 198000 0 0 0 0 0 0 0 0 0 0 0 0 0 0
198001 199000 1 0 0 0 0 0 0 0 0 0 0 0 0 0
199001 2e+05 0 0 0 0 0 0 0 0 0 0 0 0 0 0
200001 201000 0 0 0 0 0 0 0 0 0 0 0 0 0 0
201001 202000 0 0 0 0 0 0 0 0 0 0 0 0 0 0
202001 203000 0 0 0 0 0 0 0 0 0 0 0 0 0 0
203001 204000 0 0 0 0 0 0 0 0 0 0 0 0 0 0
204001 205000 0 0 0 0 0 0 0 0 0 0 0 0 0 0
205001 206000 1 1 1 1 0 0 0 0 0 1 0 0 1 0
206001 207000 0 0 0 0 0 0 0 0 0 0 0 0 0 0
207001 208000 0 0 0 0 0 0 0 0 0 0 0 0 0 0
208001 209000 1 0 0 0 0 0 0 0 0 0 0 0 0 1
209001 210000 0 0 0 0 0 0 0 0 0 0 0 0 0 0
210001 211000 0 0 0 0 0 0 0 0 0 0 0 0 0 0
211001 212000 0 0 0 0 0 0 0 0 0 0 0 0 0 0
212001 213000 1 0 0 0 0 0 0 0 0 0 0 0 0 0
213001 214000 0 1 0 0 0 0 0 0 0 0 0 0 0 1
214001 215000 0 0 0 0 0 0 0 0 0 0 0 0 0 0
215001 216000 0 0 0 0 0 0 0 0 0 0 0 0 0 0
216001 217000 0 0 0 0 0 0 0 0 0 0 0 0 0 0
217001 218000 1 1 1 1 0 0 0 0 1 0 0 0 1 0
218001 219000 1 0 0 0 0 0 0 0 0 0 0 0 0 0
219001 220000 0 0 0 0 0 0 0 0 0 0 0 0 0 0
220001 221000 1 0 0 0 0 0 0 0 0 0 0 0 0 0
221001 222000 0 0 0 0 0 0 0 0 0 0 0 0 0 0
222001 223000 1 0 0 0 0 0 0 0 0 0 0 0 0 0
223001 224000 0 0 0 0 0 0 0 0 0 0 0 0 0 0
224001 225000 0 0 0 0 0 0 0 0 0 0 0 0 0 0
225001 226000 0 0 0 0 0 0 0 0 0 0 0 0 0 0
226001 227000 1 0 1 0 0 0 0 0 0 0 0 0 0 0
227001 228000 0 0 0 0 0 0 0 0 0 0 0 0 0 1
228001 229000 0 0 0 0 0 0 0 0 0 0 0 0 0 0
229001 230000 1 1 1 1 1 0 0 0 1 1 0 0 1 1
230001 231000 0 1 0 0 0 0 0 0 0 0 0 0 0 0
231001 232000 0 0 0 0 0 0 0 0 0 0 0 0 0 0
232001 233000 1 1 1 1 0 0 0 0 0 0 0 0 0 0
233001 234000 0 1 0 0 0 0 0 0 0 0 0 0 0 1
234001 235000 0 0 0 0 0 0 0 0 0 0 0 0 0 0
235001 236000 0 0 0 0 0 0 0 0 0 0 0 0 0 0
236001 237000 0 0 0 0 0 0 0 0 0 0 0 0 0 0
237001 238000 0 0 0 0 0 0 0 0 0 0 0 0 0 0
238001 239000 0 0 0 0 0 0 0 0 0 0 0 0 0 0
239001 240000 1 1 1 0 0 0 0 0 0 0 0 0 0 1
240001 241000 0 0 0 0 0 0 0 0 0 0 0 0 0 0
241001 242000 0 0 0 0 0 0 0 0 0 0 0 0 0 0
242001 243000 0 0 0 0 0 0 0 0 0 0 0 0 0 0
243001 244000 0 0 0 0 0 0 0 0 0 0 0 0 0 0
244001 245000 0 0 0 0 0 0 0 0 0 0 0 0 0 0
245001 246000 0 0 0 0 0 0 0 0 0 0 0 0 0 0
246001 247000 0 0 0 0 0 0 0 0 0 0 0 0 0 0
247001 248000 0 0 0 0 0 0 0 0 0 0 0 0 0 1
248001 249000 1 0 0 0 0 0 0 0 0 0 0 0 0 0
249001 250000 0 1 1 1 0 0 0 0 1 0 0 0 1 0
250001 251000 0 0 0 0 0 0 0 0 0 0 0 0 0 0
251001 252000 0 0 0 0 0 0 0 0 0 0 0 0 0 1
252001 253000 0 0 0 0 0 0 0 0 0 0 0 0 0 0
253001 254000 1 1 1 1 1 1 1 0 1 1 0 0 1 0
254001 255000 0 0 0 1 0 0 0 0 0 0 0 0 0 0
255001 256000 0 0 0 0 0 0 0 0 0 0 0 0 0 0
256001 257000 0 0 0 0 0 0 0 0 0 0 0 0 0 1
257001 258000 0 0 0 0 0 0 0 0 0 0 0 0 0 0
258001 259000 0 0 0 0 0 0 0 0 0 0 0 0 0 0
259001 260000 0 0 0 0 0 0 0 0 0 0 0 0 0 0
260001 261000 0 0 0 0 0 0 0 0 0 0 0 0 0 0
261001 262000 1 1 1 1 1 0 0 0 1 1 1 0 1 0
262001 263000 0 1 0 0 0 0 0 0 0 0 0 0 0 0
263001 264000 0 0 0 0 0 0 0 0 0 0 0 0 0 0
264001 265000 0 0 0 0 0 0 0 0 0 0 0 0 0 0
265001 266000 1 1 1 1 0 0 0 0 1 1 1 0 0 0
266001 267000 0 0 0 0 0 0 0 0 0 0 0 0 0 0
267001 268000 0 0 0 0 0 0 0 0 0 0 0 0 0 0
268001 269000 0 0 0 0 0 0 0 0 0 0 0 0 0 0
269001 270000 0 0 0 0 0 0 0 0 0 0 0 0 0 0
270001 271000 0 0 0 0 0 0 0 0 0 0 0 0 0 0
271001 272000 0 0 1 0 0 0 0 0 0 0 0 0 0 0
272001 273000 1 1 0 1 0 0 0 0 1 1 0 0 0 0
273001 274000 0 0 0 0 0 0 0 0 0 0 0 0 0 0
274001 275000 0 0 0 0 0 0 0 0 0 0 0 0 0 0
275001 276000 0 1 1 0 0 0 0 0 0 0 0 0 0 0
276001 277000 1 1 1 1 1 0 0 0 1 1 0 0 1 0
277001 278000 0 0 0 0 0 0 0 0 0 0 0 0 0 0
278001 279000 0 0 0 0 0 0 0 0 0 0 0 0 0 0
279001 280000 0 0 1 0 0 0 0 0 0 0 0 0 0 0
280001 281000 0 0 0 0 0 0 0 0 0 0 0 0 0 0
281001 282000 0 0 0 0 0 0 0 0 0 0 0 0 0 0
282001 283000 0 1 1 1 0 0 0 0 0 0 0 0 0 0
283001 284000 0 0 0 0 0 0 0 0 0 0 0 0 0 0
284001 285000 1 1 0 0 0 0 0 0 0 0 0 0 0 0
285001 286000 0 0 0 0 0 0 0 0 0 0 0 0 0 0
286001 287000 0 0 0 0 0 0 0 0 0 0 0 0 0 0
287001 288000 0 1 1 0 0 0 0 0 0 0 0 0 0 0
288001 289000 0 0 0 0 0 0 0 0 0 0 0 0 0 0
289001 290000 1 0 0 0 0 0 0 0 0 0 0 0 0 0
290001 291000 0 0 0 0 0 0 0 0 0 0 0 0 0 0
291001 292000 1 1 1 1 0 0 0 0 0 0 0 0 0 0
292001 293000 1 0 0 0 0 0 0 0 0 0 0 0 0 1
293001 294000 0 0 0 0 0 0 0 0 0 0 0 0 0 0
294001 295000 1 1 1 0 0 0 0 0 0 0 0 0 0 0
295001 296000 0 0 0 0 0 0 0 0 0 0 0 0 0 0
296001 297000 0 0 0 0 0 0 0 0 0 0 0 0 0 0
297001 298000 1 1 1 1 0 0 0 0 1 0 0 0 0 0
298001 299000 0 1 0 0 0 0 0 0 0 1 0 0 0 0
299001 3e+05 0 0 0 0 0 0 0 0 0 0 0 0 0 0
300001 301000 0 0 0 0 0 0 0 0 0 0 0 0 0 0
301001 302000 0 0 0 0 0 0 0 0 0 0 0 0 0 0
302001 303000 0 0 0 0 0 0 0 0 0 0 0 0 0 0
303001 304000 0 0 0 0 0 0 0 0 0 0 0 0 0 0
304001 305000 0 0 0 0 0 0 0 0 0 0 0 0 0 0
305001 306000 1 1 1 1 0 0 0 0 0 0 0 0 0 0
306001 307000 0 0 0 0 0 0 0 0 0 0 0 0 0 0
307001 308000 0 1 1 0 0 0 0 0 0 0 0 0 1 0
308001 309000 0 0 0 0 0 0 0 0 0 0 0 0 0 0
309001 310000 0 0 0 0 0 0 0 0 0 0 0 0 0 0
310001 311000 0 0 0 0 0 0 0 0 0 0 0 0 0 0
311001 312000 0 0 0 0 0 0 0 0 0 0 0 0 0 0
312001 313000 0 0 0 0 0 0 0 0 0 0 0 0 0 0
313001 314000 0 0 0 0 0 0 0 0 0 0 0 0 0 0
314001 315000 0 0 0 0 0 0 0 0 0 0 0 0 0 0
315001 316000 0 1 1 0 0 0 0 0 0 0 0 0 0 0
316001 317000 0 0 0 0 0 0 0 0 0 0 0 0 0 0
317001 318000 0 0 0 0 0 0 0 0 0 0 0 0 0 0
318001 319000 0 1 1 0 0 0 0 0 0 0 0 0 0 0
319001 320000 0 0 0 0 0 0 0 0 0 0 0 0 0 0
320001 321000 1 0 0 0 0 0 0 0 0 0 0 0 0 0
321001 322000 0 0 0 0 0 0 0 0 0 0 0 0 0 0
322001 323000 0 0 0 0 0 0 0 0 0 0 0 0 0 0
323001 324000 0 0 0 0 0 0 0 0 0 0 0 0 0 0
324001 325000 0 0 0 0 0 0 0 0 0 0 0 0 0 1
325001 326000 0 1 0 0 0 0 0 0 0 0 0 0 0 0
326001 327000 0 0 0 0 0 0 0 0 0 0 0 0 0 0
327001 328000 0 0 0 0 0 0 0 0 0 0 0 0 0 0
328001 329000 0 0 0 0 0 0 0 0 0 0 0 0 0 0
329001 330000 0 0 0 0 0 0 0 0 0 0 0 0 0 1
330001 331000 0 0 0 0 0 0 0 0 0 0 0 0 0 0
331001 332000 0 1 1 0 0 0 0 0 0 0 0 0 0 0
332001 333000 0 0 0 0 0 0 0 0 0 0 0 0 0 0
333001 334000 0 0 0 0 0 0 0 0 0 0 0 0 0 0
334001 335000 0 0 0 0 0 0 0 0 0 0 0 0 0 1
335001 336000 1 1 1 1 0 0 0 0 0 0 0 0 0 0
336001 337000 0 0 0 0 0 0 0 0 0 0 0 0 0 0
337001 338000 0 1 0 0 0 0 0 0 0 0 0 0 0 1
338001 339000 0 0 0 0 0 0 0 0 0 0 0 0 0 0
339001 340000 0 0 0 0 0 0 0 0 0 0 0 0 0 0
340001 341000 0 0 0 0 0 0 0 0 0 0 0 0 0 0
341001 342000 1 0 0 0 0 0 0 0 0 0 0 0 0 0
342001 343000 1 0 0 0 0 0 0 0 0 0 0 0 0 0
343001 344000 0 1 1 0 0 0 0 0 0 0 0 0 0 0
344001 345000 1 1 1 1 1 1 1 0 0 0 0 0 0 0
345001 346000 0 0 0 0 0 0 0 0 0 0 0 0 0 0
346001 347000 0 0 0 0 0 0 0 0 0 0 0 0 0 0
347001 348000 0 0 0 0 0 0 0 0 0 0 0 0 0 0
348001 349000 0 0 0 0 0 0 0 0 0 0 0 0 0 0
349001 350000 0 0 0 0 0 0 0 0 0 0 0 0 0 0
350001 351000 0 1 1 1 0 0 0 0 0 0 0 0 0 0
351001 352000 0 1 1 0 0 0 0 0 0 0 0 0 0 0
352001 353000 0 0 0 0 0 0 0 0 0 0 0 0 0 0
353001 354000 0 0 0 0 0 0 0 0 0 0 0 0 0 0
354001 355000 0 0 0 0 0 0 0 0 0 0 0 0 0 1
355001 356000 0 0 0 0 0 0 0 0 0 0 0 0 0 0
356001 357000 0 0 0 0 0 0 0 0 0 0 0 0 0 1
357001 358000 0 0 0 0 0 0 0 0 0 0 0 0 0 0
358001 359000 1 1 1 1 1 0 1 1 1 1 1 1 1 0
359001 360000 0 1 1 0 0 0 0 0 0 0 0 0 0 0
360001 361000 0 0 0 0 0 0 0 0 0 0 0 0 0 0
361001 362000 0 1 0 1 0 0 0 0 0 0 0 0 0 0
362001 363000 0 0 0 0 0 0 0 0 0 0 0 0 0 0
363001 364000 0 0 0 0 0 0 0 0 0 0 0 0 0 0
364001 365000 0 1 1 1 1 0 0 0 1 0 0 0 1 0
365001 366000 0 0 0 0 0 0 0 0 0 0 0 0 0 0
366001 367000 0 0 0 0 0 0 0 0 0 0 0 0 0 0
367001 368000 0 0 0 0 0 0 0 0 0 0 0 0 0 0
368001 369000 0 0 0 0 0 0 0 0 0 0 0 0 0 0
369001 370000 0 0 0 0 0 0 0 0 0 0 0 0 0 0
370001 371000 0 1 1 0 0 0 0 0 0 0 0 0 0 0
371001 372000 0 0 0 0 0 0 0 0 0 0 0 0 0 0
372001 373000 0 0 0 0 0 0 0 0 0 0 0 0 0 0
373001 374000 1 1 1 1 1 0 1 1 1 1 1 0 1 1
374001 375000 0 0 0 0 0 0 0 0 0 0 0 0 0 0
375001 376000 0 0 0 0 0 0 0 0 0 0 0 0 0 0
376001 377000 0 0 0 0 0 0 0 0 0 0 0 0 0 0
377001 378000 0 0 0 0 0 0 0 0 0 0 0 0 0 0
378001 379000 0 1 1 0 0 0 0 0 1 0 0 0 1 0
379001 380000 0 0 0 0 0 0 0 0 0 0 0 0 0 0
380001 381000 1 1 0 0 0 0 0 0 0 0 0 0 0 0
381001 382000 0 0 0 0 0 0 0 0 0 0 0 0 0 0
382001 383000 0 0 0 0 0 0 0 0 0 0 0 0 0 0
383001 384000 0 0 0 0 0 0 0 0 0 0 0 0 0 1
384001 385000 0 0 0 0 0 0 0 0 0 0 0 0 0 0
385001 386000 0 1 1 1 1 0 0 0 1 1 0 0 0 0
386001 387000 0 1 0 1 1 0 0 0 1 1 1 0 0 0
387001 388000 0 0 0 0 0 0 0 0 0 0 0 0 0 0
388001 389000 0 1 1 0 0 0 0 0 0 0 0 0 0 0
389001 390000 0 0 0 0 0 0 0 0 0 0 0 0 0 0
390001 391000 0 1 1 0 0 0 0 0 0 0 1 1 0 0
391001 392000 0 0 0 0 0 0 0 0 0 0 0 0 0 0
392001 393000 1 1 1 1 1 0 0 1 1 1 1 0 0 0
393001 394000 0 0 0 0 0 0 0 0 0 0 0 0 0 0
394001 395000 0 0 0 0 0 0 0 0 0 0 0 0 0 0
395001 396000 0 0 0 0 0 0 0 0 0 0 0 0 0 0
396001 397000 0 0 0 0 0 0 0 0 0 0 0 0 0 0
397001 398000 0 0 0 0 0 0 0 0 0 0 0 0 0 0
398001 399000 0 0 1 0 0 0 0 0 0 0 0 0 0 0
399001 4e+05 0 1 0 0 0 0 0 0 0 0 0 0 0 0
400001 401000 0 0 0 0 0 0 0 0 0 0 0 0 0 0
401001 402000 0 0 0 0 0 0 0 0 0 0 0 0 0 0
402001 403000 0 0 0 0 0 0 0 0 0 0 0 0 0 0
403001 404000 0 0 0 0 0 0 0 1 0 0 0 0 0 0
404001 405000 0 0 0 0 0 0 0 0 0 0 0 0 0 0
405001 406000 0 0 0 0 0 0 0 0 0 0 0 0 0 0
406001 407000 0 0 0 0 0 0 0 0 0 0 0 0 0 0
407001 408000 0 1 1 0 0 1 0 0 0 0 0 0 0 0
408001 409000 0 0 0 0 0 0 0 0 0 0 0 0 0 0
409001 410000 0 0 0 0 0 0 0 0 0 0 0 0 0 0
410001 411000 0 0 0 0 0 0 0 0 0 0 0 0 0 0
411001 412000 0 1 0 0 0 0 0 1 0 0 0 1 0 0
412001 413000 0 0 0 0 0 0 0 1 0 0 0 0 0 0
413001 414000 0 0 0 0 0 0 0 0 0 0 0 0 0 0
414001 415000 0 0 0 0 0 0 0 0 0 0 0 0 0 0
415001 416000 0 1 0 0 0 1 0 0 0 0 0 0 0 0
416001 417000 0 0 0 0 0 0 0 0 0 0 0 0 0 0
417001 418000 0 0 0 0 0 0 0 1 0 0 1 1 0 0
418001 419000 0 0 0 1 0 0 0 1 1 0 1 1 0 0
419001 420000 0 0 0 0 0 0 0 0 0 0 0 0 0 1
420001 421000 1 1 1 1 1 0 1 1 1 0 1 1 1 0
421001 422000 0 0 0 0 0 0 0 1 0 0 0 0 0 0
422001 423000 0 0 0 0 0 0 0 0 0 0 0 0 0 0
423001 424000 0 0 0 0 0 0 0 0 0 0 0 0 0 0
424001 425000 0 0 0 0 0 0 0 0 0 0 0 0 0 0
425001 426000 0 0 0 0 0 0 0 0 0 0 0 0 0 0
426001 427000 0 0 0 0 0 0 0 0 0 0 0 0 0 0
427001 428000 1 1 1 1 0 0 0 0 0 1 0 0 1 0
428001 429000 0 0 0 0 0 0 0 0 0 0 0 0 0 0
429001 430000 0 1 0 1 0 0 0 0 0 0 0 0 0 0
430001 431000 0 1 1 1 1 0 0 1 1 1 0 0 1 0
431001 432000 0 0 0 0 0 0 0 1 0 0 0 0 0 1
432001 433000 0 0 0 0 0 0 0 1 0 0 0 0 0 0
433001 434000 0 0 0 0 0 0 0 1 0 0 0 0 0 1
434001 435000 0 0 0 0 0 0 0 1 0 0 0 0 0 0
435001 436000 0 0 0 0 0 0 0 0 0 0 0 0 0 0
436001 437000 0 0 0 0 0 0 0 1 0 0 0 0 0 0
437001 438000 0 0 0 0 0 0 0 1 0 0 1 0 0 0
438001 439000 0 0 0 0 0 0 0 1 0 0 0 0 0 0
439001 440000 0 0 0 0 0 0 0 1 0 0 0 0 0 1
440001 441000 0 0 0 0 0 0 0 0 0 0 0 0 0 0
441001 442000 0 0 0 0 0 0 0 1 0 0 1 0 0 0
442001 443000 1 0 0 0 0 0 0 1 0 0 1 1 0 1
443001 444000 0 0 0 0 0 0 0 1 0 0 1 0 0 0
444001 445000 0 1 1 0 0 0 0 1 0 0 1 0 0 0
445001 446000 0 0 0 0 0 0 0 1 0 0 0 0 0 0
446001 447000 0 0 0 0 0 0 0 1 0 0 0 0 0 0
447001 448000 0 0 0 0 0 0 0 1 0 0 0 0 0 0
448001 449000 0 0 0 0 0 0 0 0 0 0 0 0 0 0
449001 450000 0 1 0 0 0 0 0 0 0 0 0 0 0 0
450001 451000 0 1 0 0 0 0 0 0 0 0 0 0 0 0
451001 452000 0 1 0 0 0 0 0 0 0 0 0 0 0 0
452001 453000 1 1 0 1 1 0 1 0 1 1 1 0 0 0
453001 454000 1 1 1 1 1 0 0 0 1 1 0 0 1 0
454001 455000 0 0 0 0 0 0 0 0 0 0 0 0 0 0
455001 456000 0 0 0 0 0 0 0 0 0 0 0 0 0 0
456001 457000 0 0 0 0 0 0 0 0 0 0 0 0 0 0
457001 458000 0 0 0 0 0 0 0 0 0 0 0 0 0 0
458001 459000 0 0 0 0 0 0 0 1 0 0 0 0 0 0
459001 460000 0 0 0 0 0 0 0 0 0 0 0 0 0 0
460001 461000 0 0 0 0 0 0 0 1 0 0 0 0 0 0
461001 462000 0 0 0 0 0 0 0 1 0 0 0 0 0 1
462001 463000 0 0 0 0 0 0 0 1 0 0 0 0 0 0
463001 464000 1 1 1 1 0 0 0 0 1 1 0 0 0 0
464001 465000 0 0 0 0 0 0 0 0 0 0 0 0 0 0
465001 466000 0 1 0 0 0 0 0 0 0 0 0 0 0 0
466001 467000 0 0 0 1 0 0 0 0 0 0 0 0 0 0
467001 468000 1 0 0 0 0 0 0 0 0 0 0 0 0 0
468001 469000 0 0 0 1 0 0 0 0 0 0 0 0 0 1
469001 470000 1 1 1 1 1 0 0 0 1 1 1 0 1 0
470001 471000 1 1 1 1 0 0 0 0 1 1 1 0 1 0
471001 472000 0 1 0 1 0 0 0 0 0 1 0 0 0 0
472001 473000 0 1 1 1 0 0 0 0 1 0 0 0 0 0
473001 474000 0 1 0 0 0 0 0 0 0 0 0 0 0 0
474001 475000 0 0 0 0 0 0 0 0 0 0 0 0 0 0
475001 476000 0 0 0 0 0 0 0 0 0 0 0 0 0 0
476001 477000 1 1 1 0 0 0 0 0 0 1 0 0 0 1
477001 478000 0 0 0 0 0 0 0 0 0 0 0 0 0 0
478001 479000 0 0 0 0 0 0 0 0 0 0 0 0 0 1
479001 480000 0 0 0 0 0 0 0 0 0 0 0 0 0 0
480001 481000 1 1 0 1 0 0 0 0 1 1 1 0 0 0
481001 482000 1 1 0 1 0 0 1 0 1 1 1 0 0 0
482001 483000 1 1 1 1 1 1 1 0 1 1 1 1 1 1
483001 484000 1 1 1 1 0 0 0 0 1 1 0 0 1 0
484001 485000 0 0 0 0 0 0 0 0 0 0 0 0 0 1
485001 486000 0 0 0 0 0 0 0 0 0 0 0 0 0 0
486001 487000 0 0 0 0 0 0 0 0 0 0 0 0 0 0
487001 488000 0 0 0 0 0 0 0 0 0 0 0 0 0 1
488001 489000 0 0 0 0 0 0 0 0 0 0 0 0 0 0
489001 490000 0 0 0 0 0 0 0 0 0 0 0 0 0 0
490001 491000 1 1 0 0 0 0 0 0 1 0 0 0 0 1
491001 492000 0 0 0 0 0 0 0 0 0 0 0 0 0 0
492001 493000 0 0 0 0 0 0 0 0 0 0 0 0 0 0
493001 494000 0 0 0 0 0 0 0 0 0 0 0 0 0 0
494001 495000 0 0 0 0 0 0 0 0 0 0 0 0 0 0
495001 496000 0 0 0 0 0 0 0 0 0 0 0 0 0 0
496001 497000 0 0 0 0 0 0 0 0 0 0 0 0 0 1
497001 498000 0 0 0 0 0 0 0 0 0 0 0 0 0 0
498001 499000 0 0 0 0 0 0 0 0 0 0 0 0 0 0
499001 5e+05 0 0 0 0 0 0 0 0 0 0 0 0 0 0
500001 501000 0 0 0 0 0 0 0 0 0 0 0 0 0 0
501001 502000 0 0 0 0 0 0 0 0 0 0 0 0 0 0
502001 503000 0 0 0 0 0 0 0 0 0 0 0 0 0 0
503001 504000 0 0 0 0 0 0 0 0 0 0 0 0 0 1
504001 505000 0 0 0 0 0 0 0 0 0 0 0 0 0 0
505001 506000 0 0 0 0 0 0 0 0 0 0 0 0 0 0
506001 507000 0 0 0 0 0 0 0 0 0 0 0 0 0 0
507001 508000 0 1 0 0 0 0 0 0 0 0 0 0 0 0
508001 509000 0 1 1 0 0 0 0 0 0 0 0 0 0 1
509001 510000 0 0 0 0 0 0 0 0 0 0 0 0 0 0
510001 511000 0 0 0 0 0 0 0 0 0 0 0 0 0 0
511001 512000 0 0 0 0 0 0 0 0 0 0 0 0 0 0
512001 513000 0 0 0 0 0 0 0 0 0 0 0 0 0 0
513001 514000 0 0 0 0 0 0 0 0 0 0 0 0 0 0
514001 515000 0 1 1 1 0 0 0 0 0 0 0 0 0 0
515001 516000 0 0 0 0 0 0 0 0 0 0 0 0 0 0
516001 517000 0 0 0 0 0 0 0 0 0 0 0 0 0 1
517001 518000 1 1 0 1 0 0 0 0 0 1 0 0 0 0
518001 519000 1 1 1 1 0 0 0 0 0 0 0 0 0 0
519001 520000 0 0 0 0 0 0 0 0 0 0 0 0 0 0
520001 521000 0 0 1 0 0 0 0 0 0 0 0 0 0 1
521001 522000 0 0 0 0 0 0 0 0 0 0 0 0 0 0
522001 523000 0 0 0 0 0 0 0 0 0 0 1 0 0 0
523001 524000 0 1 1 1 0 0 0 0 0 1 1 1 0 0
524001 525000 0 0 0 0 0 0 0 0 0 0 0 0 0 0
525001 526000 0 0 0 0 0 0 0 0 0 0 0 0 0 0
526001 527000 0 0 0 0 0 0 0 0 0 0 0 0 0 0
527001 528000 0 1 0 0 0 0 0 0 0 0 0 0 0 0
528001 529000 0 1 1 0 0 0 0 0 1 0 0 0 0 0
529001 530000 0 0 0 0 0 0 0 0 0 0 0 0 0 1
530001 531000 0 0 0 0 0 0 0 0 0 0 0 0 0 0
531001 532000 0 0 0 0 0 0 0 0 0 0 0 0 0 0
532001 533000 0 0 0 0 0 0 0 0 0 0 0 0 0 0
533001 534000 0 0 0 0 0 0 0 0 0 0 0 0 0 0
534001 535000 0 0 0 0 0 0 0 0 0 0 0 0 0 0
535001 536000 0 0 0 0 0 0 0 0 0 0 0 0 0 0
536001 537000 0 0 0 0 0 0 0 0 0 0 0 0 0 0
537001 538000 0 0 0 0 0 0 0 0 0 0 0 0 0 0
538001 539000 0 0 0 0 0 0 0 0 0 0 0 0 0 0
539001 540000 0 0 0 0 0 0 0 0 0 0 0 0 0 0
540001 541000 1 0 0 0 0 0 0 0 0 0 0 0 0 0
541001 542000 1 1 1 1 1 0 0 0 1 1 1 1 0 0
542001 543000 1 1 0 1 0 0 0 0 0 1 0 0 0 0
543001 544000 1 1 1 1 0 0 0 0 0 1 1 0 1 0
544001 545000 0 0 0 0 0 0 0 0 0 0 0 0 0 0
545001 546000 0 0 0 0 0 0 0 0 0 0 0 0 0 0
546001 547000 1 1 1 0 0 0 1 0 1 0 0 0 1 0
547001 548000 0 1 0 0 0 0 0 0 0 0 0 0 0 0
548001 549000 1 1 1 1 1 0 0 0 1 1 1 0 1 0
549001 550000 0 1 1 1 1 0 0 0 1 1 1 0 0 0
550001 551000 0 0 0 0 0 0 0 0 0 0 0 0 0 0
551001 552000 0 0 0 0 0 0 0 0 0 0 0 0 0 0
552001 553000 0 0 0 0 0 0 0 0 0 0 0 0 0 1
553001 554000 1 1 0 0 0 0 0 0 0 1 0 0 0 0
554001 555000 0 1 1 1 0 0 0 0 0 1 0 0 0 1
555001 556000 1 1 1 1 1 0 0 0 1 1 0 0 0 0
556001 557000 0 0 0 0 0 0 0 0 0 0 0 0 0 0
557001 558000 0 0 0 0 0 0 0 0 0 0 0 0 0 0
558001 559000 0 1 0 0 0 0 0 0 1 1 0 0 0 1
559001 560000 0 0 0 0 0 0 0 0 0 0 0 0 0 0
560001 561000 0 0 0 0 0 0 0 0 0 0 0 0 0 0
561001 562000 0 1 0 0 0 0 0 0 1 1 0 0 0 0
562001 563000 1 1 1 1 0 0 0 0 0 1 1 0 1 0
563001 564000 0 0 0 0 0 0 0 0 0 0 0 0 0 0
564001 565000 0 1 1 0 0 0 0 0 0 0 0 0 0 0
565001 566000 0 0 0 0 0 0 0 0 0 0 0 0 0 0
566001 567000 0 0 0 0 0 0 0 0 0 0 0 0 0 0
567001 568000 0 0 0 0 0 0 0 0 0 0 0 0 0 0
568001 569000 0 0 0 0 0 0 0 0 0 0 0 0 0 1
569001 570000 0 1 1 0 0 0 0 0 0 0 0 0 0 0
570001 571000 1 0 0 0 0 0 0 0 0 0 0 0 0 0
571001 572000 1 1 0 1 0 0 0 0 1 1 0 0 0 0
572001 573000 0 0 0 0 0 0 0 0 0 0 0 0 0 0
573001 574000 0 0 0 0 0 0 0 0 0 0 0 0 0 0
574001 575000 1 1 1 1 0 0 0 0 0 1 0 0 1 0
575001 576000 0 0 0 0 0 0 0 0 0 0 0 0 0 1
576001 577000 0 0 0 0 0 0 0 0 0 0 0 0 0 0
577001 578000 1 0 0 0 0 0 0 0 0 0 0 0 0 0
578001 579000 0 0 0 0 0 0 0 0 0 0 0 0 0 0
579001 580000 0 1 0 0 0 0 0 0 0 0 0 0 0 0
580001 581000 0 0 0 0 0 0 0 0 0 0 0 0 0 0
581001 582000 0 0 0 0 0 0 0 0 0 0 0 0 0 0
582001 583000 0 1 1 0 1 0 0 0 0 0 0 0 0 0
583001 584000 0 0 0 0 0 0 0 0 0 0 0 0 0 0
584001 585000 0 0 0 0 0 0 0 0 0 0 0 0 0 0
585001 586000 0 0 0 0 0 0 0 0 0 0 0 0 0 0
586001 587000 0 1 0 0 0 0 0 0 0 0 0 0 0 0
587001 588000 0 0 0 0 0 0 0 0 0 0 0 0 0 0
588001 589000 0 0 0 0 0 0 0 0 0 0 0 0 0 0
589001 590000 0 0 0 0 0 0 0 0 0 0 0 0 0 0
590001 591000 0 1 0 0 0 0 0 0 0 0 0 0 0 0
591001 592000 0 0 0 0 0 0 0 0 0 0 0 0 0 0
592001 593000 0 0 0 0 0 0 0 0 0 0 0 0 0 0
593001 594000 0 0 0 0 0 0 0 0 0 0 0 0 0 0
594001 595000 0 0 0 0 0 0 0 0 0 0 0 0 0 0
595001 596000 0 0 0 0 0 0 0 0 0 0 0 0 0 0
596001 597000 1 1 1 1 1 1 1 0 1 1 0 0 1 0
597001 598000 1 1 0 1 0 0 0 0 1 1 0 0 0 0
598001 599000 0 0 0 0 0 0 0 0 0 1 0 0 0 0
599001 6e+05 0 0 0 0 0 0 0 0 0 0 0 0 0 1
600001 601000 0 0 0 0 0 0 0 0 0 0 0 0 0 0
601001 602000 0 0 0 0 0 0 0 0 0 0 0 0 0 1
602001 603000 0 0 0 0 0 0 0 0 0 0 0 0 0 0
603001 604000 0 0 0 0 0 0 0 0 0 0 0 0 0 0
604001 605000 1 1 1 1 0 0 0 0 0 1 0 0 0 0
605001 606000 0 0 0 0 0 0 0 0 0 0 0 0 0 0
606001 607000 0 0 0 0 0 0 0 0 0 0 0 0 0 0
607001 608000 0 0 0 0 0 0 0 0 0 0 0 0 0 0
608001 609000 0 0 0 0 0 0 0 0 0 0 0 0 0 1
609001 610000 0 0 0 0 0 0 0 0 0 0 0 0 0 0
610001 611000 0 0 0 0 0 0 0 0 0 0 0 0 0 0
611001 612000 0 0 0 0 0 0 0 0 0 0 0 0 0 0
612001 613000 0 0 0 0 0 0 0 0 0 0 0 0 0 0
613001 614000 0 0 1 0 0 1 0 0 0 0 0 0 0 0
614001 615000 1 1 1 0 1 1 1 0 0 0 0 0 0 0
615001 616000 0 0 0 0 0 0 0 0 0 0 0 0 0 0
616001 617000 0 0 0 0 0 0 0 0 0 0 0 0 0 0
617001 618000 0 0 0 0 0 0 0 0 0 0 0 0 0 0
618001 619000 0 0 0 0 0 0 0 0 0 0 0 0 0 0
619001 620000 0 0 0 0 0 0 0 0 0 0 0 0 0 0
620001 621000 0 1 1 0 0 0 0 0 0 0 0 0 0 0
621001 622000 0 0 0 0 0 0 0 0 0 0 0 0 0 0
622001 623000 0 1 1 0 0 1 0 0 0 0 0 0 0 0
623001 624000 0 0 0 0 0 0 0 0 0 0 0 0 0 0
624001 625000 0 1 0 1 0 0 0 0 0 0 0 0 0 0
625001 626000 0 1 1 0 0 0 0 0 0 0 0 0 0 0
626001 627000 0 0 1 0 0 0 0 0 0 0 0 0 0 0
627001 628000 0 0 0 0 0 0 0 0 0 0 0 0 0 0
628001 629000 0 0 0 0 0 0 0 0 0 0 0 0 0 0
629001 630000 1 0 0 0 0 0 0 0 0 0 0 0 0 0
630001 631000 0 0 0 0 0 0 0 0 0 0 0 0 0 0
631001 632000 1 0 0 0 0 0 0 0 0 0 0 0 0 0
632001 633000 0 0 0 0 0 0 0 0 0 0 0 0 0 0
633001 634000 0 0 0 0 0 0 0 0 0 0 0 0 0 0
634001 635000 0 0 0 0 0 0 0 0 0 0 0 0 0 0
635001 636000 0 0 0 0 0 0 0 0 0 0 0 0 0 0
636001 637000 1 1 1 1 1 0 1 0 1 1 1 0 1 1
637001 638000 0 1 0 0 0 1 0 0 0 0 0 0 0 0
638001 639000 0 0 0 0 0 0 0 0 0 0 0 0 0 0
639001 640000 0 1 1 0 0 0 0 0 0 0 0 0 0 1
640001 641000 0 0 0 0 0 0 0 0 0 0 0 0 0 0
641001 642000 0 0 0 0 0 0 0 0 0 0 0 0 0 0
642001 643000 0 0 0 0 0 0 0 0 0 0 0 0 0 0
643001 644000 0 1 0 1 0 0 0 0 0 0 0 0 0 0
644001 645000 0 1 0 1 0 0 0 0 0 1 0 0 0 0
645001 646000 1 1 0 0 0 0 0 0 0 0 0 0 0 1
646001 647000 0 1 0 0 0 1 0 0 0 0 0 0 0 1
647001 648000 0 0 0 0 0 0 0 0 0 0 0 0 0 0
648001 649000 1 1 1 0 1 1 0 0 1 1 0 1 1 0
649001 650000 0 0 0 0 0 0 0 0 0 0 0 0 0 0
650001 651000 0 0 0 0 0 0 0 0 0 0 0 0 0 0
651001 652000 0 1 0 0 0 0 0 0 0 0 0 0 0 1
652001 653000 0 0 0 0 0 0 0 0 0 0 0 0 0 0
653001 654000 0 0 0 0 0 0 0 0 0 0 0 1 0 1
654001 655000 0 0 0 0 0 0 0 0 0 0 0 0 0 1
655001 656000 1 0 0 0 0 0 0 0 0 0 0 0 0 0
656001 657000 0 1 0 1 0 1 1 0 1 0 0 0 0 0
657001 658000 0 0 0 0 0 0 0 0 0 0 0 0 0 0
658001 659000 0 0 0 0 0 0 0 0 0 0 0 0 0 0
659001 660000 0 1 1 1 1 0 0 0 0 1 0 0 1 0
660001 661000 0 0 0 0 0 0 0 0 0 0 0 0 0 0
661001 662000 1 1 1 0 0 0 1 0 1 1 0 0 1 0
662001 663000 0 0 0 0 0 0 0 0 0 0 0 0 0 0
663001 664000 0 0 0 0 0 0 0 0 0 0 0 0 0 0
664001 665000 0 0 0 0 0 0 0 0 0 0 0 0 0 0
665001 666000 0 0 0 0 0 0 0 0 0 0 0 0 0 0
666001 667000 0 0 0 0 0 0 0 0 0 0 0 0 0 0
667001 668000 0 0 0 0 0 0 0 0 0 0 0 0 0 0
668001 669000 0 1 1 0 0 0 0 0 0 0 0 0 0 0
669001 670000 0 0 0 0 0 0 0 0 0 0 0 0 0 0
670001 671000 0 0 0 0 0 0 0 0 0 0 0 0 0 1
671001 672000 0 0 0 0 0 0 0 0 0 0 0 0 0 1
672001 673000 0 0 0 0 0 0 0 0 0 0 0 0 0 0
673001 674000 0 0 0 0 0 0 0 0 0 0 0 0 0 0
674001 675000 0 0 0 0 0 0 0 0 0 0 0 0 0 0
675001 676000 0 1 1 0 0 0 0 0 1 0 0 0 0 0
676001 677000 0 0 0 0 0 0 0 0 0 0 0 0 0 0
677001 678000 0 0 0 0 0 0 0 0 1 0 0 0 0 0
678001 679000 0 0 0 0 0 0 0 0 0 0 0 0 0 0
679001 680000 0 0 0 0 0 0 0 0 0 0 0 0 0 0
680001 681000 0 1 1 0 0 0 0 0 0 0 0 0 0 0
681001 682000 0 0 0 0 0 0 0 0 0 0 0 0 0 0
682001 683000 0 0 0 0 0 0 0 0 0 0 0 0 0 0
683001 684000 0 0 0 0 0 0 0 0 0 0 0 0 0 0
684001 685000 0 0 0 0 0 0 0 0 0 0 0 0 0 0
685001 686000 1 0 0 0 0 0 0 0 0 0 0 0 0 0
686001 687000 0 0 0 0 0 0 0 0 0 0 0 0 0 0
687001 688000 0 0 0 0 0 0 0 0 0 0 0 0 0 0
688001 689000 0 0 0 0 0 0 0 0 0 0 0 0 0 0
689001 690000 0 0 0 0 0 0 0 0 0 0 0 0 0 0
690001 691000 1 1 1 0 0 1 0 0 0 0 0 0 1 0
691001 692000 0 1 1 0 0 0 0 0 0 0 0 0 0 0
692001 693000 0 0 0 0 0 0 0 0 0 0 0 0 0 0
693001 694000 0 0 0 0 0 0 0 0 0 0 0 0 0 0
694001 695000 1 0 0 0 0 0 0 0 0 0 0 0 0 0
695001 696000 0 0 0 0 0 0 0 0 0 0 0 0 0 0
696001 697000 0 0 0 0 0 0 0 0 0 0 0 0 0 0
697001 698000 0 1 1 0 0 0 0 0 0 0 0 0 0 0
698001 699000 0 0 0 0 0 1 0 0 0 0 0 0 0 0
699001 7e+05 0 0 0 0 0 0 0 0 0 0 0 0 0 0
700001 701000 0 0 0 0 0 0 0 0 0 0 0 0 0 0
701001 702000 0 0 0 0 0 0 0 0 0 0 0 0 0 0
702001 703000 0 0 1 0 0 0 0 0 0 0 0 0 0 0
703001 704000 1 1 1 1 1 0 0 0 1 1 0 0 1 0
704001 705000 0 0 0 0 0 0 0 0 0 0 0 0 0 1
705001 706000 0 0 0 0 0 0 0 0 0 0 0 0 0 0
706001 707000 0 0 0 0 0 0 0 0 0 0 0 0 0 0
707001 708000 0 0 0 0 0 0 0 0 0 0 0 0 0 1
708001 709000 1 1 1 0 1 0 1 0 1 1 0 0 1 0
709001 710000 0 0 0 1 1 0 0 0 0 0 0 0 0 0
710001 711000 0 0 0 0 0 0 0 0 0 0 0 0 0 0
711001 712000 0 1 1 0 0 0 1 0 0 0 0 0 0 0
712001 713000 0 0 0 0 0 0 0 0 0 0 0 0 0 0
713001 714000 0 0 1 0 0 0 0 0 0 0 0 0 0 0
714001 715000 1 1 1 1 1 0 1 0 1 1 0 0 0 0
715001 716000 1 1 1 1 0 0 0 0 1 1 1 0 1 0
716001 717000 0 0 0 0 0 0 0 0 0 0 0 0 0 0
717001 718000 1 0 0 0 0 0 0 0 0 0 0 0 0 0
718001 719000 0 1 0 0 0 0 0 0 0 0 0 0 0 0
719001 720000 0 0 0 0 0 0 0 0 0 0 0 0 0 0
720001 721000 1 0 0 0 0 0 0 0 0 0 0 0 0 0
721001 722000 0 0 0 0 0 0 0 0 0 0 0 0 0 1
722001 723000 0 0 0 0 0 0 0 0 0 0 0 0 0 0
723001 724000 0 0 0 0 0 0 0 0 0 0 0 0 0 0
724001 725000 1 1 0 0 0 0 0 0 0 0 0 0 0 0
725001 726000 0 1 1 0 0 0 0 0 0 0 0 0 0 1
726001 727000 0 1 0 0 0 0 0 0 0 0 0 0 0 0
727001 728000 0 1 1 0 0 0 0 0 0 0 0 0 0 0
728001 729000 0 0 0 0 0 0 0 0 0 0 0 0 0 0
729001 730000 0 0 0 0 0 0 0 0 0 0 0 0 0 0
730001 731000 0 0 0 0 0 0 0 0 0 0 0 0 0 0
731001 732000 0 0 0 0 0 0 0 0 0 0 0 0 0 0
732001 733000 0 1 1 0 0 0 0 0 0 0 0 0 0 0
733001 734000 0 0 0 0 0 0 0 0 0 0 0 0 0 0
734001 735000 0 0 0 0 0 0 0 0 0 0 0 0 0 0
735001 736000 0 0 0 0 0 0 0 0 0 0 0 0 0 0
736001 737000 0 0 0 0 0 0 0 0 0 0 0 0 0 0
737001 738000 0 0 0 0 0 0 0 0 0 0 0 0 0 0
738001 739000 0 0 1 0 0 0 0 0 0 0 0 0 0 1
739001 740000 0 1 0 1 0 0 0 0 0 0 0 0 0 0
740001 741000 1 1 1 1 0 0 0 0 0 1 0 0 1 0
741001 742000 0 0 0 0 0 0 0 0 0 0 0 0 0 0
742001 743000 0 0 0 0 0 0 0 0 0 0 0 0 0 1
743001 744000 1 0 0 0 0 0 0 0 0 0 0 0 0 0
744001 745000 0 0 0 0 0 0 0 0 0 0 0 0 0 0
745001 746000 0 0 0 0 0 0 0 0 0 0 0 0 0 0
746001 747000 0 0 0 0 0 0 0 0 0 0 0 0 0 0
747001 748000 0 0 0 0 0 0 0 0 0 0 0 0 0 0
748001 749000 0 0 0 0 0 0 0 0 0 0 0 0 0 1
749001 750000 1 1 1 1 0 0 0 0 1 1 0 0 1 0
750001 751000 0 0 0 0 0 0 0 0 0 0 0 0 0 0
751001 752000 1 1 1 1 0 0 0 0 0 1 0 0 0 1
752001 753000 0 0 0 0 0 0 0 0 0 0 0 0 0 0
753001 754000 0 0 0 0 0 0 0 0 0 0 0 0 0 0
754001 755000 0 0 0 0 0 0 0 0 0 0 0 0 0 0
755001 756000 0 0 0 0 0 0 0 0 0 0 0 0 0 0
756001 757000 0 0 0 0 0 0 0 0 0 0 0 0 0 0
757001 758000 0 0 0 0 0 0 0 0 0 0 0 0 0 0
758001 759000 0 0 0 0 0 0 0 0 0 0 0 0 0 0
759001 760000 0 0 0 0 0 0 0 0 0 0 0 0 0 0
760001 761000 0 0 0 0 0 0 0 0 0 0 0 0 0 0
761001 762000 0 0 0 0 0 0 0 0 0 0 0 0 0 0
762001 763000 0 0 0 0 0 0 0 0 0 0 0 0 0 0
763001 764000 0 0 0 0 0 0 0 0 0 0 0 0 0 0
764001 765000 0 0 0 0 0 0 0 0 0 0 0 0 0 0
765001 766000 0 0 0 0 0 0 0 0 0 0 0 0 0 0
766001 767000 0 0 0 0 0 0 0 0 0 0 0 0 0 0
767001 768000 0 0 0 0 0 0 0 0 0 0 0 0 0 0
768001 769000 0 0 0 0 0 0 0 0 0 0 0 0 0 0
769001 770000 0 0 0 0 0 0 0 0 0 0 0 0 0 0
770001 771000 0 0 0 0 0 0 0 0 0 0 0 0 0 0
771001 772000 0 0 0 0 0 0 0 0 0 0 0 0 0 0
772001 773000 0 0 0 0 0 0 0 0 0 0 0 0 0 0
773001 774000 0 1 1 0 0 1 1 0 0 0 0 0 0 0
774001 775000 0 0 0 0 0 1 0 0 0 0 0 0 0 0
775001 776000 0 1 0 0 0 1 0 0 0 0 0 0 0 0
776001 777000 0 0 0 0 0 0 0 0 0 0 0 0 0 0
777001 778000 0 0 0 0 0 1 0 0 0 0 0 0 0 0
778001 779000 0 0 0 0 0 1 0 0 0 0 0 0 0 0
779001 780000 0 0 0 0 0 1 0 0 0 0 0 0 0 0
780001 781000 0 0 0 0 0 0 0 0 0 0 0 0 0 0
781001 782000 0 0 0 0 0 0 0 0 0 0 0 0 0 0
782001 783000 0 0 0 0 0 0 0 0 0 0 0 0 0 1
783001 784000 0 0 0 0 0 0 0 0 0 0 0 0 0 1
784001 785000 0 0 0 0 0 0 0 0 0 0 0 0 0 0
785001 786000 1 0 0 0 0 0 0 0 0 0 0 0 0 1
786001 787000 0 1 1 0 0 0 0 0 0 0 0 0 0 0
787001 788000 1 1 0 1 1 0 0 0 0 0 1 0 0 0
788001 789000 1 1 0 1 1 0 0 0 1 1 0 0 0 1
789001 790000 1 1 1 1 1 0 0 0 1 1 0 0 1 0
790001 791000 0 0 0 0 0 0 0 0 0 1 0 0 0 0
791001 792000 1 1 1 1 0 0 0 0 0 0 0 0 0 0
792001 793000 0 0 0 0 0 0 0 0 0 0 0 0 0 0
793001 794000 1 0 0 0 0 0 0 0 0 0 0 0 0 0
794001 795000 1 0 0 0 0 0 0 0 0 0 0 0 0 0
795001 796000 0 0 0 0 0 0 0 0 0 0 0 0 0 0
796001 797000 0 1 0 0 0 0 0 0 0 0 0 0 0 1
797001 798000 1 1 1 1 0 0 0 0 0 1 0 0 1 0
798001 799000 0 1 0 0 0 0 0 0 0 0 0 0 0 0
799001 8e+05 1 1 0 1 0 1 1 1 1 1 1 0 1 0
800001 801000 1 1 1 0 1 1 1 0 1 0 0 0 1 0
801001 802000 0 0 0 0 0 0 0 0 0 0 0 0 0 0
802001 803000 0 0 0 0 0 0 0 0 0 0 0 0 0 0
803001 804000 0 0 0 0 0 0 0 0 0 0 0 0 0 0
804001 805000 0 0 0 0 0 0 0 0 0 0 0 0 0 1
805001 806000 1 1 1 1 0 0 0 0 0 0 0 0 0 0
806001 807000 0 0 0 0 0 0 0 0 0 0 0 0 0 0
807001 808000 0 0 0 0 0 0 0 0 0 0 0 0 0 0
808001 809000 0 0 0 0 0 0 0 0 0 0 0 0 0 0
809001 810000 0 0 0 0 0 0 0 0 0 0 0 0 0 0
810001 811000 0 0 0 0 0 0 0 0 0 0 0 0 0 0
811001 812000 1 0 0 0 0 0 0 0 0 0 0 0 0 0
812001 813000 0 0 0 0 0 0 0 0 0 0 0 0 0 1
813001 814000 0 1 1 1 1 0 0 0 1 1 0 0 0 0
814001 815000 0 0 0 0 0 0 0 0 0 0 0 0 0 0
815001 816400 0 0 0 0 0 0 0 0 0 0 0 0 0 0